# The Scores:
Yigal : x
Ola: 0.3167 Almost medal
Tamar: 0.3102 Third Place!
Ayelet: 0.3153 Silver!!!! 85
Itzik: 0.308!!! 2 Place!!
Ronen: 0.33
Slav: 0.3309
Sari: 0.3163 !! Bronze
Noa: 0.3353
Dror: 0.3154!! Silver
Dror: 0.3154!! Silver
Ido: 0.334 
Nir: 0.3097!!! 3rd P L A C E
Keren: 0.3153
Kiril: 0.317
Ran: 0.323
Dana: 0.323
Uri: 0.334
Yossi: 0.31928
Meidan: 0.32785
Zmira: 0.31316 22!!! Silver
Leonid: 0.32001
